latitude=25.39032913384487
longitude=85.91569457491889
